4 0
4 1 0 3
4 2 0 3 3 0
4 2 0 3 1 3
4 2 0 3 3 1
4 2 3 0 3 1
4 3 0 3 3 0 1 3
4 3 0 3 3 0 3 1
4 4 0 3 3 0 1 3 3 1
4 3 0 3 1 3 2 3
4 3 0 3 1 3 3 2
4 3 0 3 3 1 3 2
4 3 3 0 3 1 3 2
4 4 0 3 3 0 1 3 2 3
4 4 0 3 3 0 1 3 3 2
4 4 0 3 3 0 3 1 3 2
4 5 0 3 3 0 1 3 3 1 2 3
4 5 0 3 3 0 1 3 3 1 3 2
4 6 0 3 3 0 1 3 3 1 2 3 3 2
4 2 0 2 1 3
4 3 0 2 2 0 1 3
4 4 0 2 2 0 1 3 3 1
4 3 0 2 0 3 1 3
4 3 0 2 0 3 3 1
4 3 0 2 3 0 1 3
4 4 0 2 0 3 3 0 1 3
4 4 0 2 0 3 3 0 3 1
4 3 2 0 0 3 1 3
4 4 2 0 0 3 3 0 1 3
4 4 0 2 2 0 0 3 1 3
4 4 0 2 2 0 0 3 3 1
4 5 0 2 2 0 0 3 1 3 3 1
4 4 0 2 2 0 3 0 1 3
4 4 0 2 2 0 3 0 3 1
4 5 0 2 2 0 0 3 3 0 1 3
4 5 0 2 2 0 0 3 3 0 3 1
4 6 0 2 2 0 0 3 3 0 1 3 3 1
4 3 0 2 0 3 2 3
4 3 0 2 3 0 2 3
4 4 0 2 2 0 0 3 2 3
4 4 0 2 2 0 0 3 3 2
4 4 0 2 2 0 3 0 3 2
4 5 0 2 2 0 0 3 3 0 2 3
4 6 0 2 2 0 0 3 3 0 2 3 3 2
4 4 0 2 0 3 1 3 2 3
4 4 0 2 0 3 1 3 3 2
4 5 0 2 0 3 1 3 2 3 3 2
4 4 0 2 0 3 3 1 2 3
4 4 0 2 0 3 3 1 3 2
4 5 0 2 0 3 3 1 2 3 3 2
4 5 0 2 0 3 1 3 3 1 2 3
4 5 0 2 0 3 1 3 3 1 3 2
4 6 0 2 0 3 1 3 3 1 2 3 3 2
4 4 0 2 3 0 1 3 2 3
4 4 0 2 3 0 1 3 3 2
4 5 0 2 3 0 1 3 2 3 3 2
4 4 0 2 3 0 3 1 2 3
4 4 0 2 3 0 3 1 3 2
4 5 0 2 3 0 3 1 2 3 3 2
4 5 0 2 3 0 1 3 3 1 2 3
4 5 0 2 3 0 1 3 3 1 3 2
4 6 0 2 3 0 1 3 3 1 2 3 3 2
4 5 0 2 0 3 3 0 1 3 2 3
4 5 0 2 0 3 3 0 1 3 3 2
4 6 0 2 0 3 3 0 1 3 2 3 3 2
4 5 0 2 0 3 3 0 3 1 2 3
4 5 0 2 0 3 3 0 3 1 3 2
4 6 0 2 0 3 3 0 3 1 2 3 3 2
4 6 0 2 0 3 3 0 1 3 3 1 2 3
4 6 0 2 0 3 3 0 1 3 3 1 3 2
4 7 0 2 0 3 3 0 1 3 3 1 2 3 3 2
4 5 0 2 2 0 0 3 1 3 2 3
4 5 0 2 2 0 0 3 1 3 3 2
4 5 0 2 2 0 0 3 3 1 2 3
4 5 0 2 2 0 0 3 3 1 3 2
4 6 0 2 2 0 0 3 1 3 3 1 2 3
4 6 0 2 2 0 0 3 1 3 3 1 3 2
4 5 0 2 2 0 3 0 1 3 3 2
4 5 0 2 2 0 3 0 3 1 3 2
4 6 0 2 2 0 3 0 1 3 3 1 3 2
4 6 0 2 2 0 0 3 3 0 1 3 2 3
4 6 0 2 2 0 0 3 3 0 1 3 3 2
4 7 0 2 2 0 0 3 3 0 1 3 2 3 3 2
4 6 0 2 2 0 0 3 3 0 3 1 2 3
4 6 0 2 2 0 0 3 3 0 3 1 3 2
4 7 0 2 2 0 0 3 3 0 3 1 2 3 3 2
4 7 0 2 2 0 0 3 3 0 1 3 3 1 2 3
4 7 0 2 2 0 0 3 3 0 1 3 3 1 3 2
4 8 0 2 2 0 0 3 3 0 1 3 3 1 2 3 3 2
4 4 0 2 0 3 1 2 1 3
4 4 0 2 0 3 1 2 3 1
4 4 0 2 0 3 2 1 3 1
4 4 0 2 3 0 2 1 1 3
4 5 0 2 2 0 0 3 1 2 1 3
4 5 0 2 2 0 0 3 1 2 3 1
4 6 0 2 2 0 0 3 1 2 1 3 3 1
4 5 0 2 2 0 0 3 2 1 1 3
4 6 0 2 2 0 0 3 2 1 1 3 3 1
4 5 0 2 2 0 3 0 1 2 1 3
4 6 0 2 2 0 0 3 3 0 1 2 1 3
4 6 0 2 2 0 0 3 3 0 1 2 3 1
4 6 0 2 2 0 0 3 3 0 2 1 3 1
4 7 0 2 2 0 0 3 3 0 1 2 2 1 1 3
4 8 0 2 2 0 0 3 3 0 1 2 2 1 1 3 3 1
4 5 0 2 0 3 1 2 1 3 2 3
4 6 0 2 0 3 1 2 1 3 2 3 3 2
4 5 0 2 0 3 1 2 3 1 2 3
4 5 0 2 0 3 1 2 3 1 3 2
4 6 0 2 0 3 1 2 3 1 2 3 3 2
4 5 0 2 0 3 2 1 3 1 2 3
4 6 0 2 0 3 2 1 3 1 2 3 3 2
4 5 0 2 3 0 1 2 3 1 2 3
4 5 0 2 3 0 1 2 3 1 3 2
4 6 0 2 3 0 1 2 3 1 2 3 3 2
4 5 0 2 3 0 2 1 1 3 2 3
4 6 0 2 3 0 2 1 1 3 2 3 3 2
4 5 0 2 3 0 2 1 3 1 2 3
4 5 0 2 3 0 2 1 3 1 3 2
4 6 0 2 3 0 2 1 3 1 2 3 3 2
4 5 2 0 3 0 2 1 3 1 2 3
4 6 2 0 3 0 2 1 3 1 2 3 3 2
4 6 0 2 2 0 0 3 1 2 1 3 2 3
4 6 0 2 2 0 0 3 1 2 1 3 3 2
4 7 0 2 2 0 0 3 1 2 1 3 2 3 3 2
4 6 0 2 2 0 0 3 1 2 3 1 2 3
4 6 0 2 2 0 0 3 1 2 3 1 3 2
4 7 0 2 2 0 0 3 1 2 3 1 2 3 3 2
4 7 0 2 2 0 0 3 1 2 1 3 3 1 2 3
4 8 0 2 2 0 0 3 1 2 1 3 3 1 2 3 3 2
4 6 0 2 2 0 0 3 2 1 1 3 2 3
4 6 0 2 2 0 0 3 2 1 1 3 3 2
4 7 0 2 2 0 0 3 2 1 1 3 2 3 3 2
4 6 0 2 2 0 0 3 2 1 3 1 2 3
4 6 0 2 2 0 0 3 2 1 3 1 3 2
4 7 0 2 2 0 0 3 2 1 3 1 2 3 3 2
4 7 0 2 2 0 0 3 2 1 1 3 3 1 2 3
4 7 0 2 2 0 0 3 2 1 1 3 3 1 3 2
4 8 0 2 2 0 0 3 2 1 1 3 3 1 2 3 3 2
4 7 0 2 2 0 0 3 1 2 2 1 1 3 2 3
4 7 0 2 2 0 0 3 1 2 2 1 1 3 3 2
4 8 0 2 2 0 0 3 1 2 2 1 1 3 2 3 3 2
4 7 0 2 2 0 0 3 1 2 2 1 3 1 2 3
4 7 0 2 2 0 0 3 1 2 2 1 3 1 3 2
4 8 0 2 2 0 0 3 1 2 2 1 3 1 2 3 3 2
4 6 0 2 2 0 3 0 1 2 1 3 2 3
4 6 0 2 2 0 3 0 1 2 1 3 3 2
4 7 0 2 2 0 3 0 1 2 1 3 2 3 3 2
4 6 0 2 2 0 3 0 1 2 3 1 2 3
4 6 0 2 2 0 3 0 1 2 3 1 3 2
4 7 0 2 2 0 3 0 1 2 3 1 2 3 3 2
4 6 0 2 2 0 3 0 2 1 1 3 2 3
4 6 0 2 2 0 3 0 2 1 1 3 3 2
4 7 0 2 2 0 3 0 2 1 1 3 2 3 3 2
4 6 0 2 2 0 3 0 2 1 3 1 2 3
4 6 0 2 2 0 3 0 2 1 3 1 3 2
4 7 0 2 2 0 3 0 2 1 3 1 2 3 3 2
4 7 0 2 2 0 3 0 2 1 1 3 3 1 2 3
4 8 0 2 2 0 3 0 2 1 1 3 3 1 2 3 3 2
4 7 0 2 2 0 3 0 1 2 2 1 3 1 2 3
4 7 0 2 2 0 3 0 1 2 2 1 3 1 3 2
4 8 0 2 2 0 3 0 1 2 2 1 3 1 2 3 3 2
4 7 0 2 2 0 0 3 3 0 1 2 1 3 2 3
4 8 0 2 2 0 0 3 3 0 1 2 1 3 2 3 3 2
4 7 0 2 2 0 0 3 3 0 1 2 3 1 2 3
4 7 0 2 2 0 0 3 3 0 1 2 3 1 3 2
4 8 0 2 2 0 0 3 3 0 1 2 3 1 2 3 3 2
4 7 0 2 2 0 0 3 3 0 2 1 3 1 2 3
4 8 0 2 2 0 0 3 3 0 2 1 3 1 2 3 3 2
4 8 0 2 2 0 0 3 3 0 1 2 2 1 1 3 2 3
4 8 0 2 2 0 0 3 3 0 1 2 2 1 1 3 3 2
4 9 0 2 2 0 0 3 3 0 1 2 2 1 1 3 2 3 3 2
4 8 0 2 2 0 0 3 3 0 1 2 2 1 3 1 2 3
4 8 0 2 2 0 0 3 3 0 1 2 2 1 3 1 3 2
4 9 0 2 2 0 0 3 3 0 1 2 2 1 3 1 2 3 3 2
4 9 0 2 2 0 0 3 3 0 1 2 2 1 1 3 3 1 2 3
4 10 0 2 2 0 0 3 3 0 1 2 2 1 1 3 3 1 2 3 3 2
4 6 0 1 0 2 0 3 1 2 1 3 2 3
4 6 0 1 0 2 0 3 1 2 3 1 2 3
4 6 0 1 0 2 3 0 1 2 1 3 2 3
4 6 0 1 0 2 3 0 1 2 1 3 3 2
4 7 0 1 1 0 0 2 0 3 1 2 1 3 2 3
4 8 0 1 1 0 0 2 0 3 1 2 1 3 2 3 3 2
4 7 0 1 1 0 0 2 0 3 1 2 3 1 2 3
4 7 0 1 1 0 0 2 0 3 1 2 3 1 3 2
4 8 0 1 1 0 0 2 0 3 1 2 3 1 2 3 3 2
4 7 0 1 1 0 0 2 0 3 2 1 3 1 2 3
4 8 0 1 1 0 0 2 0 3 2 1 3 1 2 3 3 2
4 7 0 1 1 0 0 2 3 0 1 2 3 1 2 3
4 7 0 1 1 0 0 2 3 0 1 2 3 1 3 2
4 7 0 1 1 0 0 2 3 0 2 1 1 3 2 3
4 8 0 1 1 0 0 2 3 0 2 1 1 3 2 3 3 2
4 7 0 1 1 0 0 2 3 0 2 1 3 1 2 3
4 7 0 1 1 0 0 2 3 0 2 1 3 1 3 2
4 7 0 1 1 0 2 0 3 0 2 1 3 1 2 3
4 8 0 1 1 0 0 2 2 0 0 3 1 2 1 3 2 3
4 8 0 1 1 0 0 2 2 0 0 3 1 2 1 3 3 2
4 9 0 1 1 0 0 2 2 0 0 3 1 2 1 3 2 3 3 2
4 8 0 1 1 0 0 2 2 0 0 3 1 2 3 1 2 3
4 8 0 1 1 0 0 2 2 0 0 3 1 2 3 1 3 2
4 9 0 1 1 0 0 2 2 0 0 3 1 2 3 1 2 3 3 2
4 9 0 1 1 0 0 2 2 0 0 3 1 2 1 3 3 1 2 3
4 10 0 1 1 0 0 2 2 0 0 3 1 2 1 3 3 1 2 3 3 2
4 9 0 1 1 0 0 2 2 0 0 3 1 2 2 1 1 3 2 3
4 9 0 1 1 0 0 2 2 0 0 3 1 2 2 1 1 3 3 2
4 9 0 1 1 0 0 2 2 0 0 3 1 2 2 1 3 1 3 2
4 8 0 1 1 0 0 2 2 0 3 0 1 2 1 3 2 3
4 8 0 1 1 0 0 2 2 0 3 0 1 2 1 3 3 2
4 9 0 1 1 0 0 2 2 0 3 0 1 2 1 3 2 3 3 2
4 8 0 1 1 0 0 2 2 0 3 0 1 2 3 1 2 3
4 8 0 1 1 0 0 2 2 0 3 0 1 2 3 1 3 2
4 9 0 1 1 0 0 2 2 0 3 0 1 2 2 1 3 1 3 2
4 9 0 1 1 0 0 2 2 0 0 3 3 0 1 2 1 3 2 3
4 9 0 1 1 0 0 2 2 0 0 3 3 0 1 2 3 1 2 3
4 10 0 1 1 0 0 2 2 0 0 3 3 0 1 2 2 1 1 3 2 3
4 10 0 1 1 0 0 2 2 0 0 3 3 0 1 2 2 1 1 3 3 2
4 10 0 1 1 0 0 2 2 0 0 3 3 0 1 2 2 1 3 1 3 2
4 11 0 1 1 0 0 2 2 0 0 3 3 0 1 2 2 1 1 3 3 1 2 3
4 12 0 1 1 0 0 2 2 0 0 3 3 0 1 2 2 1 1 3 3 1 2 3 3 2
